24.45628 20.45628 20.45628 73.45628 42.45628 71.45628
7.453926 81.76636 80.76636 19.77749 7.453926 13.38618
18.67919 1.215506 4.764941 21.5938 9.905971 22.5938
15.48311 4.572204 22.74884 6.127191 20.74884 13.37489
13.98998 27.66958 7.790146 32.66958 17.00491 31.66958
5.819291 16.21233 40.6915 46.6915 7.427054 47.6915
35.5938 32.5938 1.4071 7.391988 13.9387 20.5938
69.25101 13.05398 10.22813 3.171416 68.25101 29.25101
27.19997 14.35574 28.19997 10.20236 16.61857 20.19997
45.19182 2.868161 37.19182 52.19182 53.19182 17.44245
6.085111 7.396491 17.80054 64.60635 18.69056 66.60635
14.81389 10.52796 28.84463 29.84463 6.463251 12.18742
14.02141 29.716 47.716 8.607928 46.716 2.802494
11.63988 18.05727 11.0856 18.96013 7.145874 3.609152
1.885649 5.003189 4.764941 13.9387 14.63563 2.785963
30.07423 15.72868 7.205491 28.07423 7.205491 29.07423
7.175589 64.99047 32.99047 19.03897 62.99047 7.534368
6.589724 54.24049 50.24049 7.265171 24.24049 6.589724
18.45614 13.77225 30.34789 27.34789 25.34789 13.77225
18.21813 7.209531 25.08549 16.52438 1.588689 11.18435
18.64802 111.5594 104.5594 8.542873 24.55944 16.10886
19.41101 24.38156 59.38156 58.38156 19.41101 37.38156
40.46207 22.46207 38.46207 7.344702 7.711937 27.46207
16.29318 7.464094 2.430095 17.10784 11.57926 4.364101
43.39507 14.4944 47.39507 9.810378 42.39507 8.898302
18.04837 12.82664 5.329735 21.89325 32.89325 31.89325
25.58634 11.46324 6.702321 17.78325 26.58634 5.789717
2.52695 1.885649 7.391988 21.5938 14.63563 19.61315
78.48433 24.48433 11.97676 55.48433 77.48433 66.48433
20.46925 48.46925 45.46925 35.46925 10.33836 18.56621
5.765955 60.50185 15.29879 61.50185 3.371234 2.395873
29.81749 13.41914 10.51425 28.81749 17.1266 15.53433
13.19556 61.47065 56.47065 35.47065 6.347291 37.47065
12.2671 13.52448 24.98091 10.59678 4.854509 25.98091
45.75078 26.75078 8.211788 40.75078 41.75078 7.82075
5.362822 3.629769 72.02186 67.02186 69.02186 12.90627
26.97289 5.095286 21.97289 18.11717 34.97289 31.97289
27.84573 15.55541 63.84573 14.81467 14.10921 64.84573
6.422984 21.71476 12.71707 5.825835 20.71476 14.7216
5.221874 14.54795 5.482968 1.968069 8.505883 16.84107
4.758778 12.02519 2.523681 8.546081 7.382426 13.92067
3.136413 43.02749 41.02749 20.02749 11.70966 5.364331
63.91217 19.91635 62.91217 5.080534 20.91217 11.64468
96.79718 4.364623 30.79718 44.79718 91.79718 3.419797
23.19472 8.391325 25.19472 17.44496 21.19472 8.810892
13.82309 2.762856 10.83075 48.423 46.423 11.9409
19.61315 16.94257 1 3.071524 18.67919 2.785963
7.551866 4.636191 28.03735 12.30119 15.69979 26.03735
16.64707 1.85276 15.85435 6.9172 15.09938 14.38036
25.89014 15.58854 24.89014 18.04569 14.84623 11.63241
11.81132 5.681445 26.20136 1.849715 3.487914 25.20136
134.4153 12.53321 133.4153 9.352474 5.207807 3.886146
22.43131 19.45839 15.24616 2.38763 20.43131 16.00846
5.008038 17.80694 76.61376 16.15142 4.542438 79.61376
15.78292 48.14345 77.14345 25.14345 78.14345 27.14345
65.07053 51.07053 60.07053 36.07053 63.07053 58.07053
10.19181 15.05795 13.658 2.476063 12.38821 15.81084
20.10836 24.10836 59.10836 9.211872 26.10836 56.10836
36.36611 26.36611 7.310259 31.36611 6.314877 6.314877
16.2448 11.54487 17.90989 18.80538 4.568699 3.946614
56.57634 13.92688 57.57634 10.39245 14.62322 19.59651
20.63602 21.63602 15.39892 10.94372 7.777499 10.42259
92.39225 6.63913 91.39225 86.39225 5.201932 41.39225
31.21347 47.21347 12.40932 10.20918 45.21347 11.25562
15.06851 48.19324 49.19324 45.19324 20.19324 17.44368
20.00212 3.626191 54.00212 14.92589 58.00212 12.89355
14.18367 10.08007 10.08007 25.95574 24.95574 10.08007
15.55884 9.096932 28.85033 29.85033 12.19076 14.81794
2.927143 35.60705 106.6071 104.6071 26.60705 5.519565
6.092095 57.63 7.404979 18.71201 48.63 58.63
38.29182 5.706887 13.7343 24.29182 31.29182 39.29182
4.933515 32.30701 8.859883 28.30701 15.15341 26.30701
3.24742 28.73632 49.73632 9.04719 2.67166 45.73632
54.57695 57.57695 38.57695 3.730402 20.57695 56.57695
47.15212 8.792301 16.5792 1.673657 6.560951 48.15212
38.5336 34.5336 17.73769 21.5336 18.62458 12.00557
6.536535 11.73868 9.197561 13.58899 12.94189 7.20653
27.13925 28.13925 10.17169 10.68027 7.22883 3.65105
16.13578 9.905971 15.36741 1.551328 7.761588 10.92133
104.9259 31.92593 8.281102 18.07661 66.92593 102.9259
33.5938 7.039989 1 76.5938 6.081407 77.5938
1.215506 44.5938 41.5938 26.5938 12.04077 7.391988
10.28685 22.36726 10.80119 13.12892 14.47463 7.676205
7.13226 18.02287 7.13226 22.86372 30.86372 29.86372
42.11906 2.351141 10.66957 15.76381 13.61737 43.11906
10.92669 14.64281 55.60391 54.60391 100.6039 95.60391
12.16855 10.0111 12.77698 11.03723 27.81235 25.81235
4.473893 10.25425 15.15019 8.03447 16.70309 18.41515
13.29959 7.775996 22.63203 10.94161 21.63203 3.740387
62.61088 61.61088 45.61088 17.80445 34.61088 16.95662
13.9387 1.628895 22.5938 5.253348 55.5938 58.5938
32.37476 47.37476 14.47996 36.37476 45.37476 4.949974
37.23649 48.23649 35.23649 15.85582 29.23649 49.23649
17.0167 95.68391 13.33303 98.68391 38.68391 31.68391
50.13221 2.240645 62.13221 57.13221 2.352677 25.13221
2.87508 12.42593 18.35876 30.24053 34.24053 14.38457
20.57728 7.034341 13.2643 18.6642 19.59741 7.034341
91.5938 92.5938 41.5938 2.182875 53.5938 1.710339
1.551328 8.149667 7.391988 30.5938 28.5938 13.27495
14.92634 40.00272 5.357694 37.00272 23.00272 3.807613
31.68486 52.68486 17.01748 63.68486 8.594985 64.68486
55.19274 78.19274 27.19274 58.19274 7.990953 80.19274
7.515669 2.013059 12.24223 11.65927 1.430644 3.279061
58.73366 42.73366 6.122708 59.73366 32.73366 12.72867
53.07005 21.07005 14.26341 3.638505 7.203991 54.07005
20.5938 16.13578 1 59.5938 58.5938 4.764941
17.95139 49.78097 24.78097 48.78097 8.223737 31.78097
6.339182 19.47095 4.966915 47.4445 58.4445 59.4445
27.63678 26.63678 14.66617 2.411641 16.16945 28.63678
12.23487 19.92931 4.611193 11.09739 10.56894 18.07647
5.719444 31.33647 34.33647 32.33647 21.33647 15.17539
40.2279 31.2279 4.680279 59.2279 14.37559 58.2279
16.7843 9.346126 9.346126 12.5247 11.36027 15.98505
35.17791 15.80992 11.79761 37.17791 13.00686 36.17791
18.72259 38.64165 60.64165 16.98194 3.929238 57.64165
27.59472 24.59472 10.92182 6.70505 8.557532 17.79049
44.89346 35.89346 43.89346 9.571536 33.89346 5.329789
27.80331 10.00675 8.644207 13.41 26.80331 11.58406
2.405524 16.93486 10.91636 2.65209 13.26891 15.36042
46.49637 45.49637 10.86966 8.942497 15.2947 7.357015
17.31009 6.850191 16.4858 10.12085 12.91706 15.70076
25.6013 3.226274 73.6013 55.6013 71.6013 15.37301
23.77283 1.725208 20.77283 16.27605 4.359514 7.829061
45.88278 5.327065 43.88278 10.04498 19.88837 4.38259
28.82808 25.82808 21.82808 26.82808 7.47608 5.857704
7.09407 14.74806 5.041623 52.75201 51.75201 3.249875
12.60924 80.53912 81.53912 3.063368 4.105206 16.89758
14.66456 12.6678 66.6345 67.6345 27.6345 12.6678
25.41712 24.41712 4.080821 22.41712 7.694997 1.962945
43.4133 4.284061 12.532 21.4133 103.4133 100.4133
15.59902 3.117816 7.503395 10.55803 11.64023 17.19792
40.13363 6.88268 8.36594 41.13363 4.436637 6.554933
31.7336 9.045999 10.47187 26.7336 18.80598 9.045999
23.05934 5.37286 33.05934 16.50287 29.05934 31.05934
7.033106 4.998297 3.068521 6.379234 7.384761 1.708667
41.5938 7.761588 35.5938 9.434258 30.5938 1.340096
2.201731 20.7717 18.84054 2.810028 14.76206 5.563664
14.13154 24.87871 4.381736 8.675537 23.87871 10.54517
99.22726 15.09389 98.22726 4.914139 9.729659 5.159846
18.67919 40.5938 6.385477 41.5938 22.5938 1.4071
10.6035 4.405972 11.69036 30.9942 25.9942 31.9942
22.04506 16.49112 49.04506 47.04506 30.04506 12.92122
24.6608 8.584988 23.6608 6.101191 14.68324 19.67695
32.82371 30.82371 42.82371 11.04326 44.82371 6.779602
44.5938 41.5938 12.64281 1 4.764941 31.5938
36.93789 8.700127 37.93789 5.60818 23.93789 10.57506
12.27774 14.92367 19.99914 59.9991 62.9991 7.91434
34.0206 32.0206 28.0206 10.61735 11.14822 30.0206
45.53707 20.53707 12.60798 42.53707 10.89125 43.53707
28.29987 31.29987 14.42674 30.29987 8.856766 17.53579
37.7753 34.7753 33.7753 22.7753 18.84381 18.84381
11.16787 3.817735 7.198908 4.64048 4.008621 11.72626
89.88204 75.88204 87.88204 15.5825 18.03869 5.326875
57.98347 17.26316 18.12631 21.98347 56.98347 7.90845
9.447539 4.12193 8.16114 7.402394 8.997656 3.560678
6.400049 4.125529 3.929075 3.394083 10.42501 9.005512
6.74518 18.79182 12.11337 10.98719 19.73141 9.039186
21.86409 12.1988 39.86409 41.86409 29.86409 11.61791
79.74955 80.74955 1.417742 8.2113 28.74955 9.052958
78.76888 7.45483 9.990185 79.76888 5.298009 14.05719
18.58785 21.49311 22.49311 16.85973 9.388128 7.005565
25.15071 2.472581 29.15071 8.373038 18.27729 32.15071
27.5938 20.5938 1 28.5938 12.64281 8.985008
23.27248 30.27248 52.27248 14.40727 50.27248 6.930145
12.59264 22.51209 46.51209 3.904575 58.51209 57.51209
4.514489 44.48693 45.48693 29.48693 17.69738 42.48693
9.933524 25.65108 14.67634 30.65108 32.65108 15.41016
10.51817 7.47507 14.09536 22.82527 23.82527 17.98965
24.17496 17.42789 71.17496 21.17496 70.17496 13.00496
13.37436 10.47916 12.73748 11.00312 9.504906 9.052291
9.434258 1.551328 40.5938 25.5938 36.5938 14.63563
50.74195 5.833481 11.54989 14.03897 4.145746 48.74195
40.10049 2.58974 13.6048 9.66868 39.10049 11.19271
41.16626 25.16626 10.18533 50.16626 45.16626 13.64932
8.079051 3.044909 6.646655 20.41536 26.41536 29.41536
26.83222 7.121492 24.83222 25.83222 4.590577 12.18017
17.84944 5.534539 6.406921 16.18997 13.31953 5.01999
27.02248 20.02248 2.579689 35.02248 33.02248 21.02248
30.00805 24.00805 38.00805 12.89736 36.00805 14.21934
6.273424 27.23242 2.873928 2.737074 28.23242 20.23242
1.1025 80.5938 77.5938 9.434258 10.92133 23.5938
25.21446 2.249799 16.63049 26.21446 2.480404 4.677171
8.621643 36.74901 19.76096 9.98063 32.74901 35.74901
24.44093 3.891028 16.8168 42.44093 23.44093 45.44093
12.52943 4.497342 52.40912 50.40912 6.644623 16.79063
10.95317 50.65384 45.65384 4.778832 3.080478 32.65384
27.1109 28.1109 20.1109 23.1109 40.1109 43.1109
7.154807 94.92967 4.842655 60.92967 18.07984 93.92967
16.96596 19.64022 5.799811 18.70497 4.771519 13.95794
41.58427 34.58427 2.181865 22.58427 42.58427 6.382523
30.66158 22.66158 9.938575 9.465309 31.66158 8.17649
2.701253 4.620059 20.96601 6.500888 21.96601 11.67466
36.98554 34.98554 31.98554 12.26981 2.224397 14.20384
68.49921 2.911824 5.490678 10.35349 63.49921 24.49921
35.25422 9.278693 3.17192 36.25422 29.25422 4.68637
54.94579 27.94579 17.23215 55.94579 19.94837 7.160314
17.7897 18.67919 12.64281 12.04077 6.704751 1
93.54947 2.178175 82.54947 7.024832 7.744878 18.63897
6.825333 60.96417 42.96417 11.11775 61.96417 38.96417
26.73574 27.73574 7.442934 53.73574 3.409694 55.73574
11.15777 5.63543 44.03774 12.91651 31.03774 46.03774
7.761588 3.920129 7.391988 8.55715 4.538039 1.477455
15.48597 12.13366 18.82329 28.75268 8.21254 6.43474
70.71841 3.577186 6.118203 29.71841 66.71841 20.71841
109.4183 92.41829 104.4183 9.821547 50.41829 7.32899
11.50337 36.6584 2.085449 12.68246 35.6584 3.932425
20.218 6.582402 34.218 8.821048 31.218 36.218
9.195742 23.07315 6.535242 28.07315 27.07315 7.565359
13.89488 28.52907 60.52907 27.52907 50.52907 61.52907
14.37013 23.22021 89.22021 11.82234 39.22021 90.22021
16.70164 9.765105 5.178644 18.41356 19.33424 3.680365
44.5938 6.704751 45.5938 13.9387 1.885649 8.149667
2.276894 27.45791 37.45791 35.45791 8.925719 32.45791
22.88381 18.94223 32.88381 37.88381 33.88381 5.593693
3.189186 11.3397 23.36447 24.36447 9.3292 21.36447
40.38016 11.34843 9.336384 29.38016 2.894913 38.38016
10.0105 12.16782 17.12135 7.843487 11.5884 15.52957
10.58066 2.699059 7.519476 9.596969 24.94898 27.94898
23.09841 14.99774 49.09841 30.09841 53.09841 18.22985
6.062667 47.53034 15.32006 38.53034 48.53034 13.23404
7.658092 5.442463 34.3192 35.3192 10.26258 8.040997
8.145406 73.58304 16.12735 71.58304 1.628043 22.58304
14.63563 44.5938 6.704751 1.4071 40.5938 41.5938
110.4178 107.4178 39.41779 40.41779 8.484015 5.742315
13.58804 6.862885 10.13961 21.07573 20.07573 2.994254
21.58184 3.384388 14.62713 11.46074 19.60175 10.91499
37.42466 76.42466 6.031459 72.42466 26.42466 4.500768
18.20762 22.0739 21.0739 7.943925 5.120725 11.1779
14.55374 7.000596 42.47857 66.47857 27.47857 67.47857
9.088804 40.83171 27.83171 18.89497 17.1383 42.83171
2.866612 5.405425 27.18092 25.18092 21.18092 2.730107
5.670758 148.1634 7.599358 147.1634 41.16336 12.37855
8.736072 22.02324 43.02324 34.02324 8.736072 45.02324
25.76582 11.01256 12.74841 16.27056 5.562089 24.76582
43.63761 67.63761 12.06638 65.63761 46.63761 6.719014
1.762887 5.685486 5.414749 10.21032 4.677463 9.724111
10.84756 21.45468 20.45468 10.33101 11.95943 3.203313
51.39872 28.39872 10.81788 47.39872 20.39872 16.78208
45.56006 5.782327 12.6221 16.10935 39.56006 10.38423
11.67196 19.0124 7.900045 18.10705 3.99006 6.824356
22.06229 43.06229 15.71933 40.06229 44.06229 15.71933
4.919563 23.24959 24.24959 13.05306 15.86608 3.496241
14.21578 3.998056 14.92657 4.628249 5.906949 12.89413
13.39863 5.302292 17.10042 58.78567 56.78567 20.78567
2.349876 4.019085 3.645429 2.590738 7.578585 8.773159
9.40579 39.53166 16.89145 40.53166 3.215368 25.53166
11.02367 21.78677 22.78677 10.49873 2.812067 6.44531
23.61332 18.69689 7.398994 9.443199 19.63173 16.95863
11.97621 31.48338 7.00224 7.719969 10.86277 30.48338
5.025958 14.70224 4.558692 6.109083 4.786626 12.70035
14.60631 15.33662 8.133337 13.91077 34.55254 35.55254
17.59515 13.12977 16.75728 33.36858 28.36858 10.28752
79.87582 33.87582 16.35675 75.87582 53.87582 77.87582
4.175554 2.967488 8.680676 3.976718 2.967488 7.873629
23.04054 37.04054 7.930723 16.4874 11.71729 33.04054
13.5166 26.96869 3.283809 19.97018 10.59061 10.0863
3.907575 65.52785 25.52785 5.236525 63.52785 15.3182
17.8767 16.21469 5.027655 12.70463 17.02543 7.799544
19.42369 7.686614 38.39488 41.39488 10.3008 3.697393
34.70526 6.741039 2.419645 29.70526 14.01414 6.114321
105.2892 112.2892 93.28922 26.28922 110.2892 9.759463
31.86453 5.322409 8.256803 30.86453 3.602416 20.86453
22.60292 18.68746 41.60292 38.60292 11.47248 13.28083
37.72842 84.72842 9.970725 82.72842 8.20294 31.72842
22.74768 17.06917 29.74768 17.06917 25.74768 17.06917
20.88226 149.8823 48.88226 146.8823 43.88226 28.88226
11.68723 21.98859 6.507889 19.98914 12.2716 17.26737
45.28918 37.28918 25.28918 17.52655 46.28918 3.862142
12.90361 6.843062 4.631653 17.29208 15.68442 2.843433
22.61444 21.61444 5.008202 7.047044 13.28825 10.93228
26.5938 23.5938 6.081407 5.516015 1.215506 7.039989
18.00873 23.84735 87.84735 88.84735 78.84735 18.00873
9.841485 48.45974 47.45974 16.03074 19.48547 4.970619
31.87156 12.20317 5.324202 30.87156 22.87156 24.87156
15.90959 9.302005 17.54032 8.859052 36.30511 37.30511
16.78121 25.39766 13.80594 8.47565 10.81732 23.39766
60.91106 26.91106 61.91106 20.91106 6.808042 2.216503
12.47885 10.26638 35.32674 15.92653 34.32674 26.32674
27.58318 9.90086 1.628054 24.58318 7.036356 4.535698
15.07908 8.396596 4.675539 13.67717 8.816426 14.36103
3.093792 21.74311 1.89932 20.74311 7.817859 2.424067
6.374535 2.648751 9.418091 21.55851 30.55851 31.55851
7.248253 19.23177 7.248253 7.248253 20.19336 16.61313
19.59603 6.0761 33.57583 30.57583 8.142556 27.57583
63.51452 49.51452 64.51452 30.51452 4.746597 11.99441
41.75597 7.095425 42.75597 9.508547 31.75597 15.48842
42.34701 39.34701 14.46024 14.46024 29.34701 24.34701
29.85609 9.554414 18.01627 28.85609 8.666135 12.19412
33.31082 10.25834 11.30982 8.037681 30.31082 8.439565
35.15445 36.15445 16.58112 8.374592 15.79154 8.374592
2.38387 2.503064 30.39914 40.39914 5.463874 37.39914
39.01653 37.01653 11.14595 10.10971 12.90283 18.15558
2.758758 93.39271 10.2997 8.89727 89.39271 91.39271
1.628895 2.52695 7.761588 15.36741 16.13578 8.149667
41.80391 27.80391 40.80391 9.530511 10.00704 10.50739
40.52651 2.398755 22.52651 39.52651 18.61815 12.60149
13.30566 3.232562 8.168522 16.98177 33.64145 30.64145
14.63563 98.5938 9.434258 19.61315 89.5938 1.710339
25.90994 4.179323 21.90994 2.565742 10.56094 26.90994
16.63231 43.21668 33.21668 10.72134 35.21668 20.21668
